Advertising

РОЗИГРИ СЕЛЯНСЬКОЇ ПОЗИКИ.
Таблиця виграшів.
 В 10 карбованців.
 ХАРКІВ, 9 (Ратау). На вчорашньому ранковому засіданні тиражної комісії розиграно 1360 виграшів но 10 карбованців. Виграш припав на такі облігації всіх 10 серій: 0014199, 0051231, 0220350, 0260697, 0265705, 03 5970, 0334062, 0349092, 0367615, 0387626, 0405316, 0465527, 0468332, 0490382, 0554176, 0594512, 0606814, 0616837, 0647172, 0811962, 0898066, 0877009, 0912201, 0961461, 1038690, 1056058, 1071295, 1085360, 1101800, 1150317, 1160528, 1176385, 1228309, 1239074, 1358807, 1412395, 1442436, 1500119, 1520172, 1536792, 1556207, 1615856, 1632186, 1691135, 1725626, 1746048, 1749416, 1792161, 1812554, 1846418, 1889385, 1949826,1966301, 2026761, 2047781, 2048304, 2059495, 2200597, 2296820, 2309357, 2316722, 2341611, 2342173, 2384224, 2398571, 2440551, 2464669, 2539472, 2544033, 2550866, 2568685, 2716343, 1734212, 2794760, 2797065, 2888454, 2894419, 2933712, 2939693, 3003622, 3024627, 3042694, 3062386, 3098037, 3117496, 3148904, 3202110, 3215748, 3246180, 3329899, 3330374, 3356963, 3383903, 3422452, 3426997, 3437732, 3508098, 3509925, 3575604, 3575763, 3576898, 3582750, 3610667, 3624250, 3707723, 3778236, 3804423, 3926365, 3944390, 3993646, 3999174, 3999788, 4009001, 4015718, 4058724, 4061046, 4104016, 4112423, 4177739, 4186505, 4268139, 4294777, 4493904, 4520691, 4552864, 4584767, 4605957, 4693272, 4724906, 4725625, 4741486, 4769616, 4795942, 4797665, 4890282, 4910789, 0010820. 0978984, 1838998, 2567594, 3474171, 4227771, 0040776, 0984855, 1942435, 2609977, 3478610, 4258577, 00622885, 1001871, 1942757, 2612053, 3504258, 4278352, 0093698, 1079026, 1966376, 2624017, 3582506, 4340773, 0113967, 1082152, 1975916, 2677841, 3603863, 4389913, 0142753, 1114454, 1985835, 2711737, 3642348, 4390371, 0149621, 1119235, 0996958, 2842555, 3677724, 4 400615, 0170500. 1139426, 2022559, 2857895, 3703221, 4405788, 0174014, 114 8248, 2028779, 2888931, 3709978, 4417277, 0176760, 1165457, 2046837, 2943011, 3821460, 4435714, 0214349, 1199946, 2050458, 2972853, 3833394,
 По 25 карбованців
 Потім було розиграно 160 виграшів по 25 карбованці в кожний. Виграші пали на такі номера облігацій всіх 10 сер. 0210381, 0631255 0309134, 4496175, 0215607, 1204562, 2092866, 2980851, 3859459, 4545269, 0218725, 1216698, 2110871, 2992883, 3927472, 4554142, 0264103, 1245931, 2111215, 3013448, 30962185, 4557577, 0360805, 1306938, 2156869, 3050924, 4011978, 4570878, 0419042, 1433877, 2197864, 3091286, 4023546, 4601911, 0489586, 1434234, 226600, 3107958, 4024408, 4626208, 0597978, 1448467, 2345068, 3121379, 4026245, 4646738, 0616522, 1522958, 2393596, 3170628, 4032185, 4674864, 0635667, 1549119, 2408150, 3283421, 4034726, 4694966, 0662860, 1553242, 2412304, 3293803, 4047666, 4709105, 0674369, 1575580, 2421148, 3333636, 4069741, 4723259, 0727970, 1652494, 2450905, 3342553, 4070749, 4854115, 0903294, 1673422, 2466625, 3387353, 4099772, 4872815, 0852633, 1743942, 2495323, 3420220, 4132367, 4890390, 0860879, 1807435, 2503799. 3427508, 4144489, 4927444, 0907268, 1881119, 2536081, 3443150, 4204591, 4938513.
 На вечірньому засіданні тиражної комісії закончився розигриш облігацій 10 карбован. і виграші пали на номера. 0021126, 1052480, 1762080, 2639907, 3515511, 4395032, 00554486, 1087676, 1788307, 2644553, 3534149, 4434870, 0082018, 1101301, 1842764, 2660357, 3770415, 4453337, 0174886, 1119637, 1845517, 2688399, 3816750, 4455855, 0175626, 1824027, 2994131, 3833024, 4456499, 0270098, 1264159, 1910180, 2709959, 3836627, 4476413, 0363219, 1308024, 2049230, 2845804, 3862283, 4594324, 0399240, 1356935, 2053261, 3012405, 3893455, 4599947,1 0445979,. 1368342, 2060711, 3030920,1 4032241, 4600456, 044,6553, 1409697, 2112515, 3058417, 4085576, 4661070, 0766954, 1422996. 2122791, 3059897, 4156662, 4700410, 0485982, 1455313, 2347726, 3126354 4215451, 4727940, 0920527, 1623764, 2452615, 3220039, 4221744, 4757775, 0956313, 1704339, 2425520, 3224563, 4225696, 4833940, 0965290, 1709073, 2471758, 3660342, 4234821, 4839479, 0978489, 1722838, 2523728, 3408316, 4275420, 4859804, 1013229, 1736115, 2612340, 3455958, 4286632, 4899632, 1015854, 1768287,* 2622503, 3481136, 4295450. 2760985 3537673, 4477748, 0269575, 0871794, 2664513, 2761958, 4015242, 0526424, 1728841. 2717462, 277131 1, 4344644.

