Advertising
Таблиця вигрів
ХАРКІВ, 4 (Ратау). В денішньому та ранковому засіданні тіражної комісії виграти 5 карб, пали на такі номера облігації 
всіх 10 серій:
0032323, 0035037. 0070417, 0132239, 0172822, 0248387, 0397110, 0426942, 0492943, 0512764, 0694272, 0752398, 0790407, 
0814765, 0819029, 0819433, 082519,1 0846135, 0944251, 1140315, 1254377, 0224812, 1295739, 1348765, 1385472, 1401509, 
1430562, 0471767, .1480988, 1592612, 1553602, 1633611, 1657328, 1726560, 0725199, 1753409, 1664249, 1990415, 2077610, 
2061256, 2167822, 2168249, 2175735, 2243095, 2316892, 2369589, 2372274, 2442188, 2509122, 2542223, 2601655, 2655068, 
2832412, 2985624, 3014088, 3019618, 3043541, 3109125, 3162457, 3357010, 340666, 3528675, 3532377, 3598360, 3606417, 
3641266, 3676290, 3831007, 3855908, 3873584, 3912837, 3943932. 4004413, 4015364, 4027727, 4145414, 4237295, 4277949, 
4316093, 4405512, 4417860, 4459442, 4472240, 4656437, 4726152, 4768629, 4883985, 4988477, 0059926, 0140431, 0322550, 
0375002, 0378903, 0396108. 0422785, 0517703, 0542614, 0545159, 0558553, 0599207, 0614194, 0672860, 0685 0 9 7, 0769558, 
0780070, 1024327, 1070225, 1080526, 1144107, 1169926, 1216955, 1317104, 1333899, 1346699, 1370332, 1473244, 1507540, 
1517555, 1533214 1583417, 1651466, 1785060, 1844104, 1884492, 1939421, 1952617, 1993618, 2061955, 2063475, 2143457, 
2151986, 2293618, 2322046, 2395067, 2426837, 2482126, 2485629, 2549142, 2648643, 2667177, 2703827, 2707801, 2811375, 
2329034, 2848972, 2928306, 2946155, 2952819, 3111224, 3129907; 3225005, 3249676, 3254954. .3274323, 3309666, 3406931, 
3430832, 3572392, 3603253, 3745619, 3766712, 3804856, 3846177, 3853492, 3866166, 4056436, 4175227, 4187280, 4204993, 
4282628, 4302924, 4461064, 4536067, 4593240, 4695845, 4704508, 4721757, 4724174, 4737284, 4740917, 4756686, 4793690, 
4811425, 4840702, 4900771, 4995588, 0005394, 0033596, 0077378, 0136527. 0204876, 0215452, 0220924, 0357869, 0403035, 
0416429, 0428542, 0445007, 0484405, 0527933, 0568805, 0598236, 0662077, 0709586, ' 767097, 0767150, 0778497, 0822861, 
0835434, 0856373, 0920325. 0929875, 0967334, 1012149, 1171792 1343669, 1369002, 01375523, 1381628 1416851, 1463540, 
1493897, 1529837, 1578262, 1643292, 1733467, 1788629, 1789144, 1806427, 1817908, 1829416, 1964181, 2017550, 2144235, 
2288830, 2330670, 2339662, 2365759, 2389769, 2423300, 2526829, 2532737, 2559507, 2737924, 2750828, 2805924, 2829908. 
2846770, 2869630. 2872968, 2922684, 3008293, 3046956. 3246704, 3257477, 3113795, 3181382, 3188600, 3263198, 3348515, 
3436800, 3456314, 3457318, 3557922, 3576189. 3723174, 3863686, 3875215, 3881292, 3891988, 3901114, 3905282. 3927433,
3994279, 4036056, 4174084, 4234875, 4235547. 4327367, 4337654, 4342450. 4362380, 4421524, 4455175, 4491371, 4635751, 
4636519, 4739746, 4761375, 4787808, 49Ю433, 4968281, 2788826, 3221267, 3342930, 0828819.